[gd_scene load_steps=18 format=3 uid="uid://dn286o6ngkeg2"]

[ext_resource type="Script" uid="uid://bs488lmrq4l78" path="res://levels/level.gd" id="1_2vjdm"]
[ext_resource type="AudioStream" uid="uid://c04pk66av5oul" path="res://assets/music/aggressive-metal-sinister-111839.mp3" id="2_2vjdm"]
[ext_resource type="PackedScene" uid="uid://cc1m2a1obsyn4" path="res://addons/fpc/character.tscn" id="3_vamj4"]
[ext_resource type="AudioStream" uid="uid://du5yc7rb3xamv" path="res://assets/sounds/footsteps/heavy-walking-footsteps-352771.mp3" id="4_ip03v"]
[ext_resource type="Texture2D" uid="uid://cjjqtc43kqqwd" path="res://assets/skyboxes/Skyboxes/AllSkyFree_Sky_AnotherPlanet_Equirect.png" id="5_1h3l8"]
[ext_resource type="PackedScene" uid="uid://bee4ancaucxyb" path="res://assets/components/gothic/gik_long_stair_1_13.tscn" id="6_1h3l8"]
[ext_resource type="PackedScene" uid="uid://1ld63fyau6gx" path="res://assets/frames/frame01/frame01.tscn" id="6_jfty2"]
[ext_resource type="PackedScene" uid="uid://drmn88jfvpm2v" path="res://assets/components/gothic/emperor.tscn" id="7_jfty2"]
[ext_resource type="PackedScene" uid="uid://dj3aeqdj51jmj" path="res://assets/components/gothic/slope_007_1.tscn" id="7_tkku1"]
[ext_resource type="PackedScene" uid="uid://bh4em1fbetqpx" path="res://assets/final_area/final_area.tscn" id="8_m8tp6"]
[ext_resource type="PackedScene" uid="uid://c7i5bx0ckjrow" path="res://assets/components/gothic/gik_corner_stair_1_004_14.tscn" id="8_tkku1"]
[ext_resource type="PackedScene" uid="uid://cbdwdib2q1mqg" path="res://assets/next_level_portal/next_level_portal.tscn" id="9_7wlau"]
[ext_resource type="PackedScene" uid="uid://d23s8ywe8qgpj" path="res://assets/components/gothic/fence_1_001_7.tscn" id="9_m8tp6"]
[ext_resource type="PackedScene" uid="uid://cdhd3yo6t72mf" path="res://levels/level_natka.tscn" id="14_jfty2"]

[sub_resource type="PanoramaSkyMaterial" id="PanoramaSkyMaterial_t7c8s"]
panorama = ExtResource("5_1h3l8")

[sub_resource type="Sky" id="Sky_2iust"]
sky_material = SubResource("PanoramaSkyMaterial_t7c8s")

[sub_resource type="Environment" id="Environment_20rw3"]
background_mode = 2
sky = SubResource("Sky_2iust")
tonemap_mode = 1
ssao_enabled = true
fog_enabled = true
fog_light_color = Color(0.10583011, 0.2281501, 0.5782634, 1)
fog_light_energy = 1.48
fog_sun_scatter = 0.44
fog_density = 0.053
fog_sky_affect = 0.249

[node name="main_world" type="Node3D"]
script = ExtResource("1_2vjdm")
puzzle_text = "[červený] [pes]"
author = "Misa"

[node name="AudioStreamPlayer" type="AudioStreamPlayer" parent="."]
unique_name_in_owner = true
stream = ExtResource("2_2vjdm")

[node name="Character" parent="." instance=ExtResource("3_vamj4")]
unique_name_in_owner = true
transform = Transform3D(-1.0000001, 0, -2.9802322e-08, 0, 1, 0, 2.9802322e-08, 0, -1.0000001, 11.421736, 1.0000019, -6.276314)
walking_sound = ExtResource("4_ip03v")

[node name="WorldEnvironment" type="WorldEnvironment" parent="."]
environment = SubResource("Environment_20rw3")

[node name="sun" type="DirectionalLight3D" parent="."]
transform = Transform3D(0.74987996, 0.6412682, -0.16265033, 0.024365062, 0.21891727, 0.97543925, 0.661125, -0.7354253, 0.14853714, 7.303009, 8.67791, 0)
light_color = Color(0.51115954, 0.55708605, 0.96564955, 1)
light_energy = 3.14
shadow_enabled = true

[node name="terrain" type="Node3D" parent="."]

[node name="CSGBox3D" type="CSGBox3D" parent="terrain"]
transform = Transform3D(1, 0, 0, 0, 1, 0, 0, 0, 1, 11.843412, -0.5, -1.7862508)
use_collision = true
size = Vector3(10.238281, 1, 12)

[node name="CSGBox3D2" type="CSGBox3D" parent="terrain"]
transform = Transform3D(1, 0, 0, 0, 1, 0, 0, 0, 1, 21.377354, -0.5, 4.183482)
use_collision = true
size = Vector3(9.168701, 1, 12)

[node name="CSGBox3D3" type="CSGBox3D" parent="terrain"]
transform = Transform3D(-1, 7.1054274e-15, 0, -1.15463195e-14, 1, -8.742278e-08, 0, -8.7422784e-08, -1, 30.377354, -0.5, 4.183482)
use_collision = true
size = Vector3(9.168701, 1, 12)

[node name="CSGBox3D4" type="CSGBox3D" parent="terrain"]
transform = Transform3D(-1, 7.1054274e-15, 0, -1.15463195e-14, 1, -8.742278e-08, 0, -8.7422784e-08, -1, 39.681152, -0.5, 4.183482)
use_collision = true
size = Vector3(9.168701, 1, 12)

[node name="CSGBox3D5" type="CSGBox3D" parent="terrain"]
transform = Transform3D(0.035143692, 8.736878e-08, 0.99938226, -1.15463195e-14, 1, -8.742278e-08, -0.99938226, 3.0723666e-09, 0.035143692, 39.006966, -0.5, 15.004203)
use_collision = true
size = Vector3(9.168701, 1, 12)

[node name="CSGBox3D6" type="CSGBox3D" parent="terrain"]
transform = Transform3D(0.035143692, 8.736878e-08, 0.99938226, -1.15463195e-14, 1, -8.742278e-08, -0.99938226, 3.0723666e-09, 0.035143692, 39.006966, -0.5, 15.004203)
use_collision = true
size = Vector3(9.168701, 1, 12)

[node name="CSGBox3D7" type="CSGBox3D" parent="terrain"]
transform = Transform3D(0.035143692, 8.736878e-08, 0.99938226, -1.15463195e-14, 1, -8.742278e-08, -0.99938226, 3.0723666e-09, 0.035143692, 27.512058, -0.5, 14.633398)
use_collision = true
size = Vector3(9.168701, 1, 12)

[node name="CSGBox3D8" type="CSGBox3D" parent="terrain"]
transform = Transform3D(0.035143692, 8.736878e-08, 0.99938226, -1.15463195e-14, 1, -8.742278e-08, -0.99938226, 3.0723666e-09, 0.035143692, 15.545219, -0.5, 14.667108)
use_collision = true
size = Vector3(9.168701, 1, 12)

[node name="CSGBox3D9" type="CSGBox3D" parent="terrain"]
transform = Transform3D(0.035143692, 8.736878e-08, 0.99938226, -1.15463195e-14, 1, -8.742278e-08, -0.99938226, 3.0723666e-09, 0.035143692, 11.889471, -0.5000001, 7.0257196)
use_collision = true
size = Vector3(5.6744995, 1, 9.901855)

[node name="CSGBox3D10" type="CSGBox3D" parent="terrain"]
transform = Transform3D(-0.999924, 1.0787242e-09, 0.012339165, -1.15463195e-14, 1, -8.742278e-08, -0.012339165, -8.741614e-08, -0.999924, 8.068939, -0.5000001, 14.506141)
use_collision = true
size = Vector3(3.2267303, 1, 9.901855)

[node name="gik_long_stair_1_13" parent="terrain" instance=ExtResource("6_1h3l8")]
transform = Transform3D(1, 0, 0, 0, 1, 0, 0, 0, 1, 1.2797604, -0.7, 1.0298576)

[node name="gik_long_stair_1_14" parent="terrain" instance=ExtResource("6_1h3l8")]
transform = Transform3D(1, 0, 0, 0, 1, 0, 0, 0, 1, -4.7202396, -0.7, 1.0298576)

[node name="gik_long_stair_1_15" parent="terrain" instance=ExtResource("6_1h3l8")]
transform = Transform3D(1, 0, 0, 0, 1, 0, 0, 0, 1, -8.72024, -0.7, 1.0298576)

[node name="gik_long_stair_1_16" parent="terrain" instance=ExtResource("6_1h3l8")]
transform = Transform3D(1, 0, 0, 0, 1, 0, 0, 0, 1, -1.7202396, -0.7, 1.0298576)

[node name="gik_long_stair_1_17" parent="terrain" instance=ExtResource("6_1h3l8")]
transform = Transform3D(1, 0, 0, 0, 1, 0, 0, 0, 1, -12.72024, -0.7, 1.0298576)

[node name="emperor" parent="terrain" instance=ExtResource("7_jfty2")]
transform = Transform3D(1, 0, 0, 0, 1, 0, 0, 0, 1, 6, 3, -9)

[node name="gik_corner_stair_1_004_14" parent="terrain" instance=ExtResource("8_tkku1")]
transform = Transform3D(1, 0, 0, 0, 1, 0, 0, 0, 1, 5, -2, 1)

[node name="fence_1_001_7" parent="terrain" instance=ExtResource("9_m8tp6")]
transform = Transform3D(1, 0, 0, 0, 1, 0, 0, 0, 1, 8, 0, -8)

[node name="Frame1" parent="." instance=ExtResource("6_jfty2")]
transform = Transform3D(0.9659258, -0.034243908, -0.25654373, -5.7833787e-09, 0.9912086, -0.13230829, 0.2588191, 0.12779999, 0.957434, 12.93798, 1.508955, -5.720213)
original_text = "[wave amp=40.0 freq=1.0 connected=1] 
[color=red]pes[/color].[/wave]"

[node name="Frame2" parent="." instance=ExtResource("6_jfty2")]
transform = Transform3D(0.49999997, 0, 0.86602545, 0, 1, 0, -0.86602545, 0, 0.49999997, 40.93798, 1.508955, 16.279787)
original_text = "[wave amp=40.0 freq=1.0 connected=1]
[color=red]červený[/color][/wave]"

[node name="slope_007_1" parent="." instance=ExtResource("7_tkku1")]
transform = Transform3D(0.5602766, 0, -0.23692366, 0, 0.60831136, 0, 0.23692366, 0, 0.5602766, 14.799057, 4.7683716e-07, -2.0446563)

[node name="slope_007_10" parent="." instance=ExtResource("7_tkku1")]
transform = Transform3D(0.5602766, 0, -0.23692366, 0, 0.60831136, 0, 0.23692366, 0, 0.5602766, 8.799057, 4.7683716e-07, -2.0446568)

[node name="FinalArea" parent="." instance=ExtResource("8_m8tp6")]
transform = Transform3D(1, 0, 0, 0, 1, 0, 0, 0, 1, -12.4, 2.4, 0.8999996)

[node name="NextLevelPortal" parent="." instance=ExtResource("9_7wlau")]
unique_name_in_owner = true
transform = Transform3D(1, 0, 0, 0, 1, 0, 0, 0, 1, 23, 0, -5)
next_level = ExtResource("14_jfty2")

[node name="LevelUI" type="Control" parent="."]
layout_mode = 3
anchors_preset = 15
anchor_right = 1.0
anchor_bottom = 1.0
grow_horizontal = 2
grow_vertical = 2
mouse_filter = 2

[node name="AuthorName" type="Label" parent="LevelUI"]
unique_name_in_owner = true
layout_mode = 1
anchors_preset = 3
anchor_left = 1.0
anchor_top = 1.0
anchor_right = 1.0
anchor_bottom = 1.0
offset_left = -118.0
offset_top = -66.0
offset_right = -56.0
offset_bottom = -43.0
grow_horizontal = 0
grow_vertical = 0
theme_override_font_sizes/font_size = 25
